1.624345363663241670e+00
-6.117564136500753813e-01
-5.281717522634556961e-01
nan
8.654076293246785179e-01
-2.301538696880282675e+00
1.744811764216479988e+00
-7.612069008951027893e-01
3.190390960570985701e-01
-2.493703754774100889e-01
1.462107937044974104e+00
-2.060140709497654044e+00
nan
-3.840543546684156428e-01
1.133769442335437416e+00
-1.099891267314030863e+00
-1.724282075504357525e-01
-8.778584179213717587e-01
4.221374671559283143e-02
5.828152137158222335e-01
-1.100619177212921240e+00
1.144723709839614134e+00
9.015907205927955470e-01
5.024943389018682316e-01
9.008559492644118150e-01
-6.837278591743330969e-01
-1.228902255186481718e-01
-9.357694342590687775e-01
-2.678880796260159070e-01
5.303554667381860099e-01
-6.916607517253090531e-01
-3.967535268559773676e-01
-6.871727001195994111e-01
-8.452056414987195732e-01
-6.712461308368190549e-01
nan
-1.117310348635277784e+00
2.344156978170921501e-01
1.659802177109870547e+00
7.420441605773355764e-01
-1.918355523616149250e-01
-8.876289640848362694e-01
-7.471582937508376432e-01
1.692454601027746586e+00
5.080775477602896689e-02
nan
1.909154846674660233e-01
2.100255136478842211e+00
1.201589524816291527e-01
6.172031097074192063e-01
3.001703199558274915e-01
-3.522498464935186480e-01
-1.142518198022140163e+00
-3.493427224128775044e-01
-2.088942333747781099e-01
5.866231911821976341e-01
nan
9.311020813035573163e-01
2.855873252542587837e-01
8.851411642707280869e-01
-7.543979409966528049e-01
nan
5.129298204180088305e-01
-2.980928351027156697e-01
4.885181465374970333e-01
-7.557171302105572530e-02
nan
1.519816816422198791e+00
2.185575406533161402e+00
nan
-1.444113805429589448e+00
-5.044658629464512378e-01
1.600370694478304712e-01
nan
3.156349472416052349e-01
-2.022201215824003029e+00
-3.062040126283718244e-01
8.279746426072461807e-01
2.300947353643834070e-01
7.620111803120247496e-01
-2.223281426103592695e-01
-2.007580689299974519e-01
1.865613909882843091e-01
4.100516472082563202e-01
nan
nan
-6.706622862890305736e-01
3.775637863209194145e-01
1.218212709914369279e-01
nan
1.198917879901507000e+00
1.851564174839438470e-01
-3.752849500901141999e-01
-6.387304074542223820e-01
4.234943540641128989e-01
7.734006834855941537e-02
-3.438536755710756010e-01
nan
-6.200008439481292655e-01
6.980320340722189210e-01
-4.471285647859982171e-01
1.224507704805498864e+00
4.034916417907999930e-01
nan
nan
1.693824330586680971e-01
nan
-9.537006018079345893e-01
-2.662185060036220685e-01
nan
-1.373117320246755702e+00
3.151593920422917638e-01
8.461606475850333986e-01
-8.595159408319863470e-01
3.505459786641073605e-01
-1.312283411237431752e+00
-3.869550926605111463e-02
-1.615772354703294722e+00
1.121417708235664001e+00
4.089005379368277904e-01
nan
-7.751616191691595992e-01
1.273755930158776639e+00
1.967101749254734688e+00
-1.857981864446752063e+00
1.236164030452820306e+00
nan
3.380116965744757729e-01
-1.199268032335186085e+00
8.633453175440215510e-01
nan
-6.039206277932572808e-01
-1.230058135666961761e+00
5.505374959762153741e-01
7.928068659193476808e-01
-6.235307296797916177e-01
nan
-1.144341389623142691e+00
8.018610318713447205e-01
4.656729842414553816e-02
-1.865697719073487748e-01
-1.017458725291452148e-01
8.688861570058679096e-01
7.504116398650081399e-01
5.294653243527092101e-01
1.377012099973860815e-01
7.782112791270591468e-02
6.183802619985244720e-01
nan
6.825514068644851218e-01
-3.101167735180599960e-01
-2.434837764107138813e+00
1.038824601859414054e+00
2.186979646974257729e+00
4.413644435685820655e-01
nan
-1.364447438960330328e-01
nan
1.740940830000459877e-02
-1.122018728746888350e+00
-5.170944579202279012e-01
-9.970268276502629590e-01
2.487991613877705011e-01
-2.966411523708627485e-01
4.952113239779604159e-01
-1.747031597425009464e-01
9.863351878212420765e-01
2.135339013354418114e-01
2.190699728969733417e+00
-1.896360922891092482e+00
-6.469166882549080011e-01
9.014868916487109862e-01
2.528325706806398010e+00
-2.486347777154600536e-01
4.366899317838910527e-02
-2.263142425136051850e-01
1.331457112587591807e+00
-2.873078634760188876e-01
6.800698398781045428e-01
-3.198015988986712133e-01
-1.272558755245994266e+00
3.135477204634321557e-01
5.031848134353260615e-01
1.293225882532261783e+00
-1.104470264173163102e-01
-6.173620637123609090e-01
5.627610966190262909e-01
2.407370922377322364e-01
2.806650771226390506e-01
-7.311270374727776855e-02
1.160338569993769609e+00
3.694927163757237287e-01
1.904658708340981166e+00
1.111056698560504596e+00
6.590497961002101945e-01
-1.627438340616257362e+00
6.023192802956289782e-01
4.202822036470595379e-01
8.109516728035557342e-01
1.044442094707258795e+00
