7.035639853705935920e+00
4.906370997975294301e+00
3.645436940585726315e+00
5.345425141774779121e+00
nan
-2.129966057192076434e-01
5.966496380500619701e+00
2.967634064494297341e+00
4.359443245525919330e+00
6.582023340487526575e+00
6.866662407489276809e+00
5.671131463760827884e-01
5.630757170759530972e+00
3.837394529175783831e+00
5.463800786961758860e+00
4.226002026678253642e+00
5.364719865252379094e+00
3.248255690162714426e+00
6.470860620314617506e+00
6.003324400284458129e+00
nan
7.219826446759325833e+00
7.911191621509052752e+00
5.863144204778230062e+00
5.131539526917585192e+00
6.423776860299897251e+00
4.269890493739459281e+00
3.397507985722500123e+00
3.897769375639721368e+00
5.592138751142720743e+00
4.205178313493830977e+00
4.606699888590037872e+00
4.630261237419293963e+00
5.524349746727487798e+00
3.872666231956264138e+00
3.747882366175220969e+00
2.141716350537449909e+00
4.685869028526511215e+00
5.815507458045873435e+00
6.938096065304989679e+00
4.214033107826499425e+00
3.357571575569894939e+00
3.877371076535739647e+00
nan
4.214895271388001241e+00
4.719218055833942493e+00
5.904912357787492461e+00
7.707210774017624999e+00
nan
4.620077742003391386e+00
5.105268269778761692e+00
4.240785487124252739e+00
4.931377028202494905e-01
6.413514729996763641e+00
5.052990664477890803e+00
4.835345404865504904e+00
nan
6.982315122127718432e+00
5.857907127903352773e+00
5.720713348206046156e+00
3.974625812540238279e+00
5.353621916620573629e+00
6.564420825051858088e+00
4.178422428502705621e+00
5.866825416360868850e+00
6.088697292668122429e+00
6.982192192026198896e+00
7.542192670096566687e+00
8.554862414621926092e+00
2.171983892872480837e+00
3.669834011289884401e+00
5.786660316384806713e+00
5.998861264269676141e+00
7.199162196139220704e+00
4.596170901944219622e+00
1.098910953391070144e+00
3.099817956765602567e+00
7.474215034739305707e+00
5.090962235439207006e+00
7.542860712949023494e+00
3.884596103397660816e+00
4.261353913776423141e+00
5.375267173673684340e+00
6.536527539471896020e+00
5.358199775989661795e+00
5.389637723718904816e+00
4.010534137872070026e+00
5.743533399757339453e+00
4.066261888602411112e+00
6.775152962841158200e+00
nan
5.220910145340068809e+00
4.929409130801477801e+00
3.361226247809780521e+00
5.550733503691539283e+00
4.818648219749335659e+00
4.901521491618249016e+00
5.850165936266960465e+00
3.114573471704117136e+00
nan
nan
5.365604631375623157e+00
4.775065567371086672e+00
5.009790185011429031e+00
3.078534509845146871e+00
6.876922735542002840e+00
6.124187352991588895e+00
2.874755502000871488e+00
5.222475745300139138e+00
4.449117288969190120e+00
4.063736181651801616e+00
5.778006128307447753e+00
7.658020367747818469e+00
3.049381845599002272e+00
8.556676080368191606e+00
3.856159508177309903e+00
5.596536888687624334e+00
2.525153020337393528e+00
5.956529443219068298e+00
4.745582129281651795e+00
4.827097240085742591e+00
3.039987785753130556e+00
7.193309607486585655e+00
nan
2.834109904168880423e+00
7.810367749803926785e+00
6.735635622321075822e+00
6.699703612616406900e+00
2.963156015745038285e+00
7.450305862404257518e+00
5.166785894174012128e+00
5.216447379967206643e+00
2.157893000969874464e+00
5.719012257185097425e+00
7.640639559469956765e+00
3.446667057798733502e+00
3.743663279929261289e+00
1.340898734088830313e+00
3.696350895130955827e+00
2.955687025719392125e+00
4.308506178950494814e+00
6.125909274048003894e+00
5.861099955995628719e+00
6.449144813398944187e+00
5.684206496365456829e+00
5.215100760432103577e+00
4.948532852124342796e+00
5.753390048689795755e+00
nan
4.847844438855412719e+00
5.544952017057634741e+00
2.267761287087054711e+00
6.363179561913220539e+00
9.085862894693567782e+00
nan
4.312544126199412631e+00
4.951596734426033208e+00
4.631197693252923742e+00
4.577376079778384899e+00
2.644523868093071162e+00
3.666863591333614725e+00
nan
3.429875336413303000e+00
4.907532635813039334e+00
5.506380034153953495e+00
5.465758760385897475e+00
6.994576395371229438e+00
2.537766384350240045e+00
8.870696203932027402e+00
nan
4.051487804244190194e+00
5.883556521195174582e+00
9.645769782165219297e+00
4.214018523715777675e+00
6.900221116417269762e+00
5.224911491723905677e+00
9.135013736320869882e+00
3.783504207865736380e+00
4.264179119584304622e+00
5.235087199137808511e+00
3.943865928856294722e+00
5.505681677749905134e+00
4.215983974408345603e+00
6.491943639082274231e+00
5.452314994294360062e+00
nan
5.728156459456143601e+00
5.185646669694845556e+00
4.487082960057457548e+00
4.357310618295483273e+00
5.313952434470122554e+00
nan
7.381615187373490095e+00
7.144195229658313551e+00
4.966688749509005518e+00
3.353370728676696721e+00
4.030317942808141929e+00
6.551038423525545440e+00
6.181059584326622058e+00
8.677268195661596906e+00
